10 300
183	2	4
409	3	1
435	4	1
422	0	1
216	3	0
261	1	2
337	3	1
460	2	0
475	4	2
094	2	1
127	3	0
306	1	2
259	1	3
069	1	3
331	0	4
181	1	4
328	0	4
085	3	4
486	0	2
020	1	4
281	3	4
317	3	4
467	4	1
142	0	1
377	2	4
078	4	1
281	1	4
440	2	4
007	2	0
310	1	4
185	3	2
292	0	1
384	2	4
238	2	0
393	4	2
096	0	4
272	1	4
390	3	4
206	3	0
452	0	3
417	1	4
090	4	3
437	2	0
118	1	3
146	1	4
049	2	1
422	3	1
035	1	0
020	2	0
448	1	4
022	3	1
303	4	0
454	1	2
236	2	0
124	0	1
177	1	3
072	0	2
199	0	1
114	0	3
150	1	2
318	2	0
269	1	2
004	1	0
398	1	3
210	2	0
284	4	1
275	1	3
107	3	1
388	1	4
431	1	2
321	0	4
049	3	0
145	1	2
113	4	0
155	3	4
128	4	1
157	4	3
236	1	4
457	3	4
003	1	4
183	3	2
116	1	2
486	1	4
206	2	3
084	4	2
413	4	3
140	0	3
378	0	4
344	0	1
147	0	3
387	2	4
417	1	0
247	0	2
090	2	0
487	4	3
022	0	4
073	3	2
110	1	4
117	4	2
255	0	1
498	1	0
058	0	2
190	1	4
414	0	1
321	0	3
493	4	2
098	4	1
114	0	2
224	1	2
392	0	4
365	0	3
314	4	1
352	1	2
400	0	2
162	4	3
393	4	3
000	3	4
106	3	1
286	0	4
387	3	2
179	4	2
125	1	4
213	2	3
451	3	0
225	0	3
448	1	2
121	3	1
062	0	4
129	1	0
233	2	0
252	2	4
478	4	2
201	0	3
401	4	0
272	0	3
188	3	1
036	1	3
404	3	0
350	0	3
487	1	2
310	3	4
163	4	3
226	2	4
167	4	1
458	1	3
153	1	0
474	2	0
424	2	3
462	4	0
410	1	2
140	1	4
248	2	4
013	4	2
162	0	2
296	2	1
277	1	3
437	1	0
087	4	0
436	2	0
151	3	2
221	2	1
491	4	1
174	3	0
136	2	0
076	2	4
483	4	1
150	1	3
412	3	1
203	4	3
276	4	3
384	0	3
386	0	1
305	0	1
277	4	3
406	0	3
393	2	0
157	2	1
013	3	2
068	0	2
286	0	1
428	1	3
208	4	2
377	2	0
470	1	4
371	1	2
245	3	0
185	1	0
114	4	3
432	3	2
105	2	1
358	2	0
031	3	0
039	3	0
005	0	1
225	1	0
459	0	4
289	1	2
346	1	3
025	1	4
412	2	1
082	1	155	0
085	0	405	0
126	4	245	4
190	2	470	3
370	1	174	1
211	2	311	4
058	3	487	2
059	3	069	3
017	0	248	4
407	4	045	3
293	4	227	3
427	2	421	0
459	3	168	4
387	0	312	3
493	3	254	3
413	4	487	2
478	3	494	2
326	2	134	0
034	0	289	0
103	3	184	0
032	2	496	3
135	1	113	1
424	0	243	1
149	3	204	1
218	3	305	3
082	1	359	0
480	3	333	2
322	0	258	4
257	0	417	0
202	2	334	1
373	0	442	1
427	4	100	4
413	1	306	2
437	1	348	0
294	2	447	3
151	0	373	1
389	2	042	4
290	2	298	0
145	2	049	1
360	3	372	3
302	3	069	3
271	0	347	2
370	0	431	0
280	2	139	1
479	3	113	0
317	3	048	0
083	2	468	4
325	3	022	2
068	3	194	0
135	4	331	4
387	3	468	0
339	4	309	3
459	4	447	1
093	4	018	4
470	0	397	1
226	4	166	3
276	0	172	4
052	4	045	0
227	0	126	3
276	1	313	2
087	2	003	4
464	3	392	4
380	0	447	3
175	0	170	0
167	0	054	4
307	2	304	2
083	2	448	0
398	2	073	2
213	1	436	1
477	0	434	0
395	0	032	1
153	4	461	3
227	2	011	0
486	1	499	3
208	0	128	3
352	0	263	4
404	1	398	4
498	2	132	0
049	2	200	4
091	4	337	1
110	1	003	4
401	2	117	1
172	1	334	0
234	0	114	3
133	1	472	3
277	4	025	3
109	0	010	0
132	3	291	4
161	1	397	1
373	3	436	0
195	3	152	1
247	0	123	3
241	3	405	3
022	0	164	2
026	0	103	0
490	4	448	4
171	0	368	4
354	0	111	3
401	3	343	3
437	1	205	2
054	0	071	3
269	0	152	4
459	2	391	4
330	1	081	3
079	0	233	0
332	1	215	3
481	2	146	4
335	2	383	2
336	1	243	2
253	1	150	0
180	2	277	1
078	0	254	3
258	2	417	1
449	4	263	0
132	3	469	1
230	1	083	1
117	2	468	4
380	0	328	2
403	4	011	1
124	1	081	1
103	2	117	2
277	2	159	1
462	4	186	1
114	4	248	4
315	1	349	4
116	2	353	0
316	3	473	4
463	2	137	3
426	1	016	0
494	0	400	2
384	1	402	1
492	3	063	3
103	0	074	2
437	1	277	0
360	4	268	2
218	2	322	1
426	4	187	4
283	0	455	4
218	2	445	2
469	1	223	0
008	4	337	1
041	3	117	0
163	1	484	4
253	4	442	1
032	0	089	2
258	2	382	0
173	1	112	4
470	1	118	1
476	2	089	2
347	1	211	0
220	1	370	2
477	0	049	0
350	4	021	3
012	0	228	0
353	2	473	0
283	3	285	3
009	2	050	0
256	1	272	3
207	0	050	4
071	4	055	2
363	2	106	1
148	2	249	1
196	2	031	2
451	3	254	1
486	1	323	4
464	3	174	1
362	3	059	1
202	2	447	2
453	1	113	0
230	2	079	4
157	2	319	0
349	3	341	2
464	3	451	1
005	2	056	0
244	3	365	1
190	3	288	0
256	4	296	2
266	1	058	3
278	4	434	4
474	0	181	3
035	3	214	1
198	0	439	4
438	4	170	2
161	3	469	3
190	1	291	3
450	3	164	2
129	4	248	2
413	2	273	0
263	0	497	4
416	0	402	1
241	2	015	0
269	0	268	1
213	4	461	0
163	2	399	2
220	0	003	4
067	0	130	0
463	3	392	0
317	0	218	4
157	4	066	0
390	4	013	1
372	1	4
416	3	0
376	2	0
324	2	3
371	0	2
423	2	4
010	4	2
004	0	4
140	1	3
041	0	4
166	4	1
256	4	3
388	4	3
252	3	4
471	3	2
446	3	0
218	3	4
120	0	2
176	1	3
312	4	3
443	2	3
058	4	1
490	0	3
366	3	0
126	1	2
249	3	0
243	3	4
019	1	4
271	4	1
378	0	3
149	4	0
485	4	3
304	2	1
168	2	1
174	2	1
315	2	4
052	3	2
329	1	2
159	0	1
098	0	4
064	2	1
195	1	2
358	1	3
032	3	2
460	2	3
206	1	4
293	1	2
498	2	3
119	1	0
351	4	1
430	1	4
428	3	0
369	2	4
491	1	2
246	3	4
390	3	0
023	0	2
003	3	1
332	1	3
324	4	0
030	4	1
413	2	0
123	4	0
124	0	3
449	1	3
370	1	3
111	0	4
342	2	1
304	0	4
397	3	2
490	2	0
017	3	4
026	0	4
100	1	2
322	0	3
381	2	3
244	3	2
262	0	3
109	3	1
345	4	2
390	0	4
157	1	0
326	3	1
225	4	1
075	0	3
223	2	0
195	4	1
392	3	0
316	4	0
499	2	3
122	0	4
047	2	3
066	2	1
097	2	3
473	3	0
127	2	3
188	0	4
075	1	2
135	0	1
175	1	3
494	1	3
325	3	1
123	0	1
226	0	1
471	1	4
115	3	1
494	0	3
341	0	3
060	4	1
414	0	3
240	4	1
131	2	1
027	0	3
323	2	0
298	2	1
322	3	1
147	0	1
493	1	4
027	0	2
451	0	2
454	1	3
231	3	0
122	0	1
235	2	4
253	0	3
118	3	0
422	2	4
290	2	3
383	0	2
288	1	0
359	1	4
313	3	2
274	3	1
047	1	0
314	3	0
434	2	4
357	4	1
417	4	2
471	3	4
490	4	0
112	3	4
195	4	2
231	2	1
280	1	0
466	0	3
245	2	0
451	4	2
483	2	1
184	0	2
160	4	2
242	1	2
182	4	3
318	1	4
438	1	3
489	1	3
103	3	0
169	2	0
367	1	0
294	1	3
398	2	1
437	3	0
498	3	0
329	2	4
005	2	1
103	2	4
270	2	1
046	1	0
410	4	0
419	0	4
192	4	2
138	0	4
420	2	3
054	1	2
044	2	1
029	2	0
270	2	3
045	4	3
426	3	2
034	3	4
203	0	3
201	0	4
158	2	3
441	0	2
316	3	0
368	4	1
137	2	0
431	3	2
191	1	0
086	4	3
166	0	3
050	1	4
076	3	2
355	1	3
431	1	0
174	0	1
381	3	0
406	1	0
394	3	1
368	4	3
309	0	1
452	1	319	1
159	4	297	3
133	1	048	4
230	3	047	0
167	0	055	2
359	1	174	0
043	4	045	3
498	4	407	2
182	2	387	2
345	3	214	0
352	4	301	3
009	3	072	2
188	3	014	2
212	3	118	3
241	2	156	0
197	3	447	3
156	3	049	1
306	3	216	2
122	4	137	1
144	4	130	0
296	4	420	3
163	1	037	3
185	3	042	4
037	1	445	1
274	3	201	3
235	2	327	3
464	3	368	4
155	0	473	1
362	4	222	1
235	2	030	1
494	0	275	4
380	3	136	0
344	2	142	0
156	1	485	0
180	2	056	4
228	0	224	0
122	2	088	0
132	4	399	3
489	1	406	2
168	3	447	1
037	1	352	3
394	3	321	2
099	1	225	3
411	4	172	2
399	4	296	3
136	2	410	0
442	3	419	4
035	2	263	4
403	3	387	4
208	1	278	3
098	1	428	0
316	1	471	4
116	4	166	3
309	4	405	3
007	0	215	3
479	3	134	4
494	4	320	4
232	2	019	2
476	2	057	0
116	2	006	1
424	1	349	0
075	0	311	2
439	3	166	3
324	4	024	2
437	4	172	2
020	3	162	3
244	1	128	0
335	3	334	0
321	0	420	4
220	2	300	2
416	3	165	0
175	1	260	0
001	1	270	3
401	2	494	2
290	2	254	3
290	3	332	1
245	3	031	3
395	4	127	1
004	0	470	3
470	1	405	3
368	4	409	0
485	2	445	3
190	3	361	1
331	0	019	2
144	1	042	2
116	1	148	1
203	4	275	4
498	4	060	2
001	4	342	3
149	4	332	2
271	4	365	3
243	3	223	4
090	0	462	1
241	2	261	1
219	0	373	3
007	4	387	0
171	1	042	1
177	0	239	0
092	0	440	4
456	1	442	2
272	2	040	1
089	3	252	3
039	3	249	2
273	3	416	1
429	4	032	4
463	0	290	1
241	2	058	1
471	3	369	0
182	1	158	0
380	0	364	2
158	1	015	4
094	2	429	4
173	2	417	0
251	0	116	3
070	2	096	1
166	4	406	1
460	0	091	2
096	0	331	4
170	4	204	4
120	0	081	4
119	3	169	1
081	4	291	0
427	1	262	2
353	4	458	0
275	2	327	2
178	2	343	3
446	3	320	4
182	2	258	1
131	4	346	2
160	1	186	0
006	4	147	3
259	0	383	1
211	2	192	0
389	2	136	0
314	3	269	2
205	4	473	0
253	1	158	4
419	3	215	0
150	0	006	1
036	1	393	2
078	3	497	3
158	2	137	3
296	2	310	4
124	1	389	3
401	1	174	4
325	3	031	2
329	1	155	1
018	2	201	3
423	2	164	4
178	2	250	2
303	3	482	3
364	0	497	4
216	2	343	4
048	1	266	2
202	3	463	4
351	2	248	0
206	2	363	2
450	2	311	2
476	4	074	3
135	1	374	3
086	2	211	3
221	3	040	3
342	4	463	3
224	1	014	2
118	2	049	3
477	0	379	0
424	2	315	4
008	3	152	1
438	1	226	4
493	1	052	3
212	2	178	0
116	0	313	1
037	0	423	3
096	2	100	0
023	0	050	4
273	3	005	1
087	4	182	3
326	4	442	2
397	4	000	4
049	4	310	4
223	4	309	1
283	3	200	4
257	0	321	4
082	3	444	2
336	4	315	0
035	3	129	1
459	3	327	4
243	3	298	2
052	3	452	2
111	3	119	2
000	1	378	2
316	3	420	1
262	1	431	0
358	2	113	0
375	2	285	2
481	4	010	2
339	1	018	4
343	3	410	0
043	3	044	1
478	1	097	3
148	2	3
000	2	4
114	4	2
180	3	1
012	2	1
056	0	2
088	1	0
070	0	2
254	4	1
314	1	2
427	1	0
311	1	0
421	4	2
421	1	0
306	3	0
329	3	4
239	0	3
489	2	3
397	0	1
458	2	0
352	4	2
123	4	2
180	4	3
473	4	3
312	2	3
430	3	0
066	1	0
461	3	2
179	1	4
017	1	0
325	4	0
445	3	4
367	3	2
492	0	2
150	4	0
406	4	0
391	4	1
377	1	3
313	0	1
419	1	0
285	0	3
164	4	2
461	4	1
360	1	2
447	0	4
227	4	1
398	0	4
123	0	2
220	0	4
080	4	2
195	0	2
123	4	1
049	2	3
493	1	0
086	2	3
178	2	1
271	4	3
496	1	4
151	1	2
374	1	3
384	2	0
164	0	3
155	0	1
046	2	4
243	0	2
074	4	2
405	1	3
118	1	0
191	3	0
347	0	2
261	3	2
197	3	1
442	3	2
346	0	3
292	2	4
120	0	3
477	0	1
187	0	1
454	0	4
250	3	1
063	2	4
038	3	1
111	3	4
285	4	3
266	4	2
165	4	2
328	1	2
260	1	4
106	0	2
154	0	4
214	3	2
431	4	1
222	2	1
335	1	3
274	4	1
017	1	3
354	0	1
187	0	2
227	2	0
120	3	4
435	3	2
353	3	0
102	1	3
105	1	4
086	4	0
323	2	1
036	4	0
071	4	0
125	4	3
149	4	1
060	2	3
183	2	0
061	3	0
377	0	4
058	3	2
471	0	1
343	3	0
272	2	4
362	2	3
356	2	3
005	2	4
023	0	3
064	0	3
478	3	2
192	2	3
042	1	2
144	3	1
339	1	3
325	1	2
462	4	3
251	4	3
446	0	1
199	4	0
281	0	2
319	0	1
102	4	0
169	3	4
239	2	4
067	3	2
298	3	0
440	2	0
495	3	0
022	2	1
137	2	4
497	3	4
492	4	1
127	4	0
081	0	2
067	2	1
204	3	0
310	0	4
443	1	3
044	1	0
170	4	0
189	4	0
337	0	4
303	3	4
200	1	0
307	4	1
464	3	2
005	4	1
187	3	2
437	3	2
133	1	0
098	4	3
112	3	2
176	4	2
304	2	4
455	2	4
470	1	0
477	3	2
196	0	3
168	2	4
389	4	3
205	3	2
246	0	4
290	2	4
010	4	0
440	3	4
404	3	4
389	1	2
022	3	4
441	1	0
297	4	2
235	0	1
011	4	3
083	2	0
126	1	0
241	2	3
166	4	3
288	3	0
113	3	0
247	2	1
459	4	3
369	1	4
256	3	1
255	2	0
128	0	3
331	0	1
246	0	1
199	3	043	1
092	3	415	2
284	3	009	4
188	0	497	3
363	3	265	3
357	3	450	3
301	4	490	3
218	0	000	4
259	0	243	0
365	2	444	1
088	3	409	1
339	0	147	1
471	2	345	2
266	1	101	0
048	2	130	0
030	0	233	0
071	0	233	3
365	2	019	3
008	2	344	1
461	4	164	4
227	4	258	3
203	3	125	3
086	4	146	3
365	0	093	3
393	1	263	3
011	3	180	3
150	3	180	4
071	4	313	1
142	0	276	3
210	2	170	0
290	3	042	1
124	0	076	2
030	1	387	4
117	4	288	3
254	4	497	1
401	2	382	3
210	4	315	0
093	2	011	1
016	3	373	1
270	3	147	3
056	1	406	2
243	3	497	1
049	4	088	0
137	4	181	4
036	4	301	4
103	2	197	0
359	3	107	0
037	1	057	2
479	2	124	3
308	0	091	4
094	2	127	4
325	3	310	4
005	4	441	2
227	0	232	3
309	4	045	0
487	0	205	2
043	3	246	1
178	2	081	2
135	4	286	4
171	2	101	4
220	1	024	2
004	3	142	3
051	3	037	2
236	1	496	2
273	3	479	0
293	4	249	2
161	0	081	2
366	2	249	4
463	2	417	1
059	0	285	4
199	4	278	2
465	1	480	0
495	1	021	2
362	4	155	2
149	3	062	1
335	1	245	4
004	0	398	3
081	4	285	2
412	2	286	3
495	1	497	2
144	3	158	4
002	0	148	1
142	0	232	2
298	4	165	0
197	0	286	4
190	2	300	4
012	2	131	3
347	1	076	4
051	3	211	1
330	1	002	1
177	2	400	4
042	3	181	1
414	2	217	1
471	1	383	0
188	3	316	4
347	0	482	4
275	2	017	4
280	2	291	3
039	1	174	0
450	1	005	3
190	2	332	1
054	0	128	0
068	1	092	0
449	0	222	3
048	1	477	3
383	3	114	2
256	1	378	3
452	0	363	0
413	1	084	2
208	1	084	2
036	1	254	0
138	1	022	3
240	3	164	2
193	2	409	1
054	0	158	0
325	3	410	0
145	2	201	1
204	1	405	3
294	4	443	0
170	4	229	4
471	3	298	1
193	1	442	0
422	4	415	4
481	1	055	3
167	2	070	1
493	3	370	3
350	2	468	1
303	3	013	0
317	0	161	3
479	3	356	4
090	4	267	3
314	4	355	2
231	0	066	3
225	4	006	1
458	0	072	2
109	2	391	2
324	1	174	4
242	1	174	3
179	1	166	1
007	2	224	3
138	0	029	2
269	0	381	3
257	1	237	3
399	1	285	3
196	2	031	3
126	4	334	4
317	1	075	2
096	0	143	0
149	3	239	0
365	0	074	0
016	1	325	0
408	1	420	1
456	0	195	3
383	4	327	3
188	0	291	0
108	2	136	0
000	4	069	2
167	2	285	4
315	3	071	3
476	2	145	3
276	4	482	4
209	0	232	1
251	3	093	1
170	3	313	1
036	4	361	1
427	2	262	3
132	4	155	4
282	3	395	1
241	2	415	1
360	3	433	2
048	1	044	4
054	3	490	3
464	1	154	4
208	4	312	4
117	4	239	4
220	2	316	0
307	4	121	0
427	0	300	0
123	3	310	2
470	1	205	0
424	1	167	0
118	3	434	0
347	4	162	2
236	1	447	3
184	3	245	3
322	4	134	0
383	3	400	1
207	0	049	3
424	2	307	0
030	4	055	3
033	0	096	1
290	2	267	4
231	2	405	0
178	4	412	3
408	0	009	1
137	4	089	1
178	4	252	3
283	1	213	3
024	1	019	3
271	3	148	1
112	3	1
209	0	2
050	1	0
463	0	3
411	3	2
226	3	2
139	0	1
021	0	3
404	2	4
027	2	1
436	2	3
141	3	4
189	3	1
386	0	4
260	2	0
069	0	1
420	4	3
249	0	1
111	1	2
122	0	3
285	0	1
238	3	4
164	1	4
456	2	4
312	1	3
121	0	3
074	4	0
469	0	3
167	3	1
424	4	3
129	4	1
013	2	1
388	1	2
179	3	2
270	0	1
158	1	0
450	3	4
146	2	4
241	0	4
143	4	0
464	1	4
011	4	1
238	1	0
148	3	4
315	4	0
181	0	2
348	1	4
048	2	1
492	0	3
241	0	1
323	3	4
349	3	0
000	4	0
213	4	2
308	3	2
311	1	4
439	0	4
041	0	3
394	3	0
037	0	4
374	4	1
263	0	3
046	3	0
480	3	2
173	1	4
318	3	0
432	2	0
401	1	0
290	3	4
473	2	3
130	4	3
299	4	1
194	1	0
260	3	2
206	2	4
311	1	2
042	4	1
090	4	1
091	4	1
250	1	4
352	1	3
263	2	3
401	3	1
243	4	1
036	4	2
310	1	3
031	4	3
351	0	3
282	4	2
264	1	2
339	1	2
073	3	4
078	4	2
407	3	1
387	3	0
240	0	3
396	4	3
299	3	0
126	4	0
488	3	4
104	0	1
281	4	2
356	1	3
476	4	2
155	2	1
253	1	0
413	0	3
333	1	2
114	1	3
021	2	3
160	1	2
028	2	1
419	3	0
151	0	3
429	4	1
218	0	1
166	4	0
416	4	1
193	1	4
491	3	1
388	1	3
039	3	4
228	2	1
098	0	1
083	0	3
377	1	4
116	0	3
327	0	2
379	1	3
436	4	0
427	4	3
440	1	4
168	3	4
332	0	1
154	1	0
446	4	1
203	4	0
133	1	3
297	0	1
037	1	2
469	2	1
274	3	2
082	2	3
212	3	0
266	4	0
351	0	1
100	1	3
404	1	0
108	2	4
285	2	4
239	4	1
165	2	0
241	2	1
190	3	2
407	0	1
342	4	0
089	1	0
157	1	3
035	1	4
175	0	4
064	4	2
232	0	4
043	3	1
047	1	3
248	0	1
409	4	2
257	4	3
085	3	1
057	1	3
299	2	0
308	4	3
289	3	4
277	4	2
191	4	0
337	4	1
282	3	4
352	0	2
412	4	3
317	3	1
465	1	2
200	1	3
375	0	1
010	0	2
044	3	0
202	2	1
402	3	4
363	2	1
431	3	1
033	0	4
278	0	2
194	0	2
476	4	0
363	2	0
415	0	4
498	3	1
209	1	2
140	0	2
213	1	2
247	0	3
130	1	0
003	1	462	1
244	2	199	1
135	4	333	1
343	2	143	2
147	2	095	1
225	2	484	2
133	1	175	0
401	1	053	4
457	1	147	1
160	4	415	4
344	2	368	3
154	4	301	0
399	3	312	3
216	3	462	1
052	0	388	2
086	4	343	3
373	0	050	0
324	0	407	4
175	4	396	0
089	3	014	0
020	2	165	1
178	2	389	4
437	1	465	4
144	3	457	4
116	2	497	1
004	3	055	4
199	0	362	1
041	0	397	0
349	3	443	3
461	2	412	3
191	2	280	4
099	4	235	3
283	1	171	1
110	4	074	2
011	4	443	3
122	3	080	1
232	0	468	1
166	4	165	0
209	0	343	3
330	4	141	1
493	1	137	4
257	4	489	0
271	1	414	3
432	0	166	2
435	3	121	3
335	2	160	3
426	1	318	3
157	2	238	4
093	2	284	2
325	3	046	1
296	4	069	3
079	0	398	3
342	0	499	0
306	4	169	4
220	1	461	0
034	3	292	1
472	0	148	0
198	2	477	2
426	4	140	2
173	2	232	2
074	1	073	0
470	0	179	3
195	4	488	0
052	0	074	2
099	4	474	0
390	1	186	4
261	3	113	2
403	4	308	1
094	3	015	3
394	4	077	2
084	4	369	4
081	4	280	4
456	0	191	1
279	2	014	3
270	2	096	1
276	0	085	2
384	1	032	2
168	3	140	2
004	1	142	0
260	4	254	2
195	3	020	4
397	4	204	4
200	2	292	1
151	0	490	0
308	4	361	0
092	4	015	3
372	3	496	4
336	3	387	1
427	1	121	0
353	4	129	2
451	3	045	2
361	4	483	1
229	2	203	0
184	4	114	0
225	4	025	3
020	3	369	0
330	2	112	2
236	2	249	2
385	2	106	3
054	1	360	1
264	1	027	1
023	4	118	0
342	1	075	2
099	1	455	4
290	0	007	1
341	0	185	4
357	2	284	1
171	3	445	4
188	3	246	4
326	2	135	2
373	0	228	3
034	1	175	3
026	0	353	3
401	3	472	3
035	3	104	2
182	2	017	0
190	3	359	0
156	2	374	3
212	3	438	0
306	4	072	4
322	0	055	3
138	3	325	0
036	1	232	3
117	3	029	1
035	3	148	0
034	2	462	0
123	4	332	1
379	1	205	2
448	1	112	2
094	2	383	2
139	2	434	0
294	4	458	3
346	4	495	0
041	3	114	2
037	1	407	4
393	4	106	2
105	2	024	3
064	1	287	4
001	4	084	1
306	3	010	0
206	1	262	3
281	3	280	3
428	2	241	3
444	1	496	4
282	0	286	3
243	2	489	4
427	1	040	4
253	1	419	0
193	1	304	2
304	3	370	0
008	4	455	3
424	2	060	1
247	2	044	1
475	4	451	2
395	4	296	2
456	0	338	3
242	4	468	3
122	4	298	0
035	3	032	2
126	1	176	3
447	0	042	2
064	4	449	3
325	1	358	0
367	2	290	4
381	4	286	2
461	4	192	0
150	1	303	2
145	2	363	1
180	0	059	4
215	1	186	2
082	4	396	0
426	3	063	1
225	2	374	0
422	4	459	3
361	2	140	2
424	1	206	0
369	2	017	0
421	4	095	4
330	2	067	1
226	3	238	1
159	0	239	3
038	2	015	1
087	2	031	2
202	3	000	0
256	3	007	1
355	0	268	0
232	0	393	2
269	1	125	2
188	3	359	3
357	4	071	0
273	0	392	4
397	0	143	0
136	1	248	4
493	0	266	2
417	3	015	4
124	1	115	2
098	1	053	3
337	3	382	3
134	1	288	0
034	3	267	4
039	4	0
254	4	0
178	1	3
029	4	2
366	4	1
251	0	3
188	2	1
209	0	1
428	1	4
315	1	3
284	0	1
352	1	0
298	3	2
117	4	3
283	3	4
099	0	2
236	0	4
216	4	1
253	4	3
080	0	1
148	1	4
178	4	3
242	0	4
321	0	1
085	3	0
397	0	3
457	2	0
478	1	3
237	3	0
319	3	1
384	1	0
265	2	1
113	4	2
177	0	4
038	3	0
389	1	4
442	3	4
340	1	3
144	3	4
364	4	2
187	4	1
170	0	1
361	2	0
216	0	1
433	3	0
159	0	2
455	0	4
186	4	0
409	3	0
203	4	1
373	0	2
392	2	4
468	0	3
196	4	0
186	0	2
075	1	3
204	0	1
028	1	4
472	1	3
256	2	0
281	3	1
480	0	4
187	0	4
175	2	4
293	3	2
375	3	2
055	0	3
035	3	0
429	2	0
472	0	2
345	4	1
450	0	1
002	0	2
215	2	3
150	1	0
409	3	4
012	3	0
354	3	1
490	2	3
075	4	3
446	2	0
408	2	4
021	4	0
276	1	0
085	1	2
300	1	2
145	1	4
283	0	4
198	4	1
224	4	0
213	1	4
144	4	1
212	3	1
079	2	0
166	2	3
426	4	1
362	0	1
118	2	1
114	2	3
381	4	1
078	3	4
157	2	4
131	3	1
190	3	4
169	4	0
297	2	1
199	2	1
223	4	0
109	4	1
380	0	1
001	4	2
083	1	3
155	3	1
041	3	1
429	3	1
125	4	2
038	2	0
017	0	4
215	4	3
094	2	0
248	0	4
090	2	1
208	4	1
274	0	2
079	1	3
025	0	3
211	4	1
327	1	3
193	2	0
365	3	1
218	3	2
466	2	3
139	4	3
378	4	3
138	1	2
450	1	3
157	2	3
161	2	3
075	0	2
400	3	2
102	4	3
309	2	0
451	3	4
079	1	4
222	2	4
003	2	4
288	3	1
240	2	0
458	0	3
481	1	4
188	3	2
051	3	4
005	0	3
229	3	1
238	4	0
210	1	0
274	4	2
232	4	1
484	2	1
348	4	3
345	0	2
243	0	4
133	0	2
110	0	2
026	0	1
294	4	3
316	1	0
367	3	4
463	2	0
379	0	2
071	4	2
418	1	2
185	3	1
146	2	1
419	3	4
368	0	1
306	0	1
182	0	3
412	0	4
058	1	2
209	3	2
439	3	4
093	4	0
317	3	2
347	3	2
345	3	0
145	0	3
083	4	0
180	2	1
276	0	2
498	4	2
024	4	1
069	0	3
033	1	0
300	3	4
119	1	2
337	2	3
468	2	1
434	1	0
165	3	1
115	0	110	4
236	1	364	3
256	4	298	4
357	4	430	4
353	1	410	0
284	4	405	3
311	0	420	0
054	0	224	3
118	1	444	2
244	0	372	2
397	0	296	3
213	4	112	1
279	2	378	4
489	1	014	3
118	2	020	2
293	1	148	4
417	1	126	2
207	2	171	3
476	2	289	4
026	3	112	4
227	2	303	2
008	2	050	0
001	4	293	3
077	3	418	3
315	1	416	0
154	1	405	2
077	4	139	0
047	4	061	0
431	4	061	0
273	2	059	3
103	2	417	2
425	2	472	3
167	0	070	4
477	1	124	3
118	0	383	2
037	3	301	2
475	1	440	3
271	1	345	2
283	2	065	0
404	1	431	0
284	0	371	0
257	1	053	1
072	4	496	3
105	3	003	4
157	2	431	4
437	1	266	3
064	2	468	4
085	4	216	1
166	1	275	4
410	1	169	0
064	1	185	0
334	2	146	1
186	1	483	1
089	4	114	2
386	3	440	0
231	2	088	4
255	4	422	1
072	0	467	1
290	2	020	2
427	2	463	4
458	4	028	4
251	0	180	3
367	3	337	3
350	2	275	3
056	1	364	0
149	3	425	4
184	4	162	4
326	2	490	3
006	3	378	3
350	2	360	4
083	1	049	0
051	3	296	2
474	2	185	4
036	1	453	1
156	1	033	3
001	1	349	2
154	1	368	1
052	0	409	2
032	2	197	4
043	3	095	4
448	3	246	4
365	0	088	0
318	2	462	3
345	3	458	2
087	4	433	1
403	4	038	0
389	4	391	3
063	1	146	0
041	0	462	1
201	4	434	0
115	0	267	3
111	2	331	2
092	0	169	1
257	4	423	1
266	4	417	4
105	0	298	1
081	4	222	0
429	4	194	2
446	3	285	2
075	0	351	3
315	4	195	2
227	2	223	2
079	2	495	0
049	3	061	1
124	2	490	0
014	0	388	2
219	3	122	1
357	4	411	3
492	0	018	4
212	3	202	4
298	0	171	3
050	3	455	0
163	1	012	4
218	0	420	1
259	0	157	0
137	4	205	0
225	2	224	2
335	1	253	3
330	1	458	3
339	0	252	1
450	3	261	2
177	4	488	4
391	0	337	2
264	4	316	4
012	2	003	1
357	3	411	4
225	2	363	1
194	1	267	0
156	4	267	1
083	4	030	1
403	1	452	2
155	4	189	1
004	4	326	0
427	2	109	3
271	3	342	0
294	4	060	0
427	0	498	0
227	4	375	0
034	0	215	4
394	3	112	3
499	3	489	4
439	2	143	0
367	1	302	2
362	4	028	1
308	0	313	3
038	2	071	4
023	2	113	1
066	1	160	3
154	0	148	1
411	1	457	4
184	4	284	3
427	4	113	1
276	1	363	2
456	3	067	4
479	4	395	3
317	0	270	3
067	4	392	4
250	1	108	0
303	4	254	1
443	2	305	0
390	0	260	2
121	4	431	2
051	3	312	4
227	4	261	1
241	3	183	4
143	3	320	2
411	0	182	3
427	1	126	3
264	0	108	0
399	0	352	2
154	0	106	2
368	4	483	0
324	4	065	2
253	4	049	4
330	1	085	0
459	2	152	4
213	1	178	0
493	0	479	2
133	4	184	2
228	0	037	3
011	4	467	1
058	4	204	0
164	1	333	0
359	4	245	1
328	0	480	0
193	2	268	0
086	4	010	4
450	0	458	3
110	1	080	2
087	2	133	4
388	1	174	0
403	1	386	0
099	4	354	1
098	4	181	3
367	2	168	4
269	1	468	1
210	4	072	2
198	2	475	3
011	2	019	2
105	2	002	2
172	3	2
073	4	0
153	4	0
480	2	0
174	3	1
167	3	0
154	3	2
165	2	1
207	0	4
396	4	0
311	4	3
034	0	4
197	0	1
401	3	2
419	1	4
131	0	3
287	1	4
079	3	4
177	2	3
165	4	0
017	0	3
183	0	4
123	4	3
455	0	3
419	2	4
454	0	3
390	4	2
189	4	1
441	1	3
029	3	0
100	2	0
393	1	2
324	0	3
379	1	2
435	3	4
315	2	0
266	2	3
180	2	3
080	3	1
431	3	4
106	4	2
415	3	4
226	4	1
249	1	2
413	2	3
378	1	2
009	3	1
319	4	0
333	3	1
008	2	1
269	0	1
492	0	1
156	1	2
131	4	3
439	2	1
008	4	0
103	4	0
394	1	2
445	0	1
340	4	3
055	2	4
197	1	4
281	0	1
088	3	4
249	2	4
001	4	0
173	2	4
424	1	4
221	2	4
001	1	2
120	1	2
233	2	3
433	3	2
021	4	2
463	2	3
005	4	0
456	1	4
479	3	4
395	0	3
030	3	2
162	2	4
358	1	0
425	0	3
292	2	0
219	3	2
210	4	0
117	2	0
125	1	2
018	4	0
381	4	3
037	1	4
395	4	3
472	0	3
425	2	3
436	3	1
349	1	2
121	2	3
225	1	3
368	2	1
125	0	4
016	2	3
235	3	4
276	0	4
230	2	4
384	1	2
425	3	4
385	3	0
000	1	2
426	3	0
347	4	3
235	2	3
305	0	3
152	3	2
019	4	3
178	2	3
108	1	3
239	0	1
109	2	0
077	4	1
430	0	4
130	1	4
164	0	4
326	4	3
416	3	1
086	1	3
189	2	0
354	0	2
333	4	0
463	3	4
092	1	4
486	1	0
109	0	4
304	1	4
267	0	3
264	0	3
301	1	3
406	2	0
298	3	1
458	1	2
388	2	3
098	4	2
436	2	1
308	0	3
366	2	3
450	2	1
253	2	3
422	2	3
418	0	1
248	2	1
453	1	0
311	2	4
348	2	0
465	0	1
445	0	4
308	4	1
210	2	1
400	0	4
341	0	2
478	4	0
209	4	2
488	2	0
417	4	0
462	2	3
490	1	2
404	1	2
059	4	2
115	3	2
294	4	0
179	4	3
027	3	1
477	4	1
382	4	0
220	2	1
240	2	3
250	3	4
339	0	2
020	3	1
277	2	1
154	0	3
197	3	4
397	0	2
141	3	1
405	4	2
051	3	1
227	4	3
259	1	4
260	1	3
082	2	0
454	2	3
291	1	3
190	2	1
085	4	2
492	3	2
446	3	4
423	2	1
479	4	2
449	2	3
234	0	1
155	4	2
373	4	1
066	2	249	0
058	3	364	0
167	0	368	2
461	1	075	2
242	1	289	0
034	0	346	1
357	2	273	1
151	3	029	1
150	3	049	1
383	4	388	0
418	0	050	4
103	0	431	2
266	1	192	1
193	1	382	3
077	4	137	4
317	0	360	0
011	2	085	0
491	4	007	1
498	4	233	3
217	3	044	0
073	3	356	0
209	1	474	0
212	3	337	3
274	0	121	1
084	4	404	4
329	0	264	3
144	3	311	3
357	4	250	2
166	4	065	2
456	3	076	4
209	3	024	2
055	0	168	4
281	0	174	4
434	3	286	1
087	0	082	0
085	3	263	4
076	2	442	2
424	0	461	1
047	4	312	3
493	1	343	0
330	0	235	1
371	4	014	4
074	3	017	4
229	4	289	2
466	3	063	3
276	0	482	3
071	4	356	1
086	4	076	4
467	0	382	1
236	3	248	4
257	0	102	0
276	0	392	0
051	3	473	0
353	2	268	0
099	0	222	3
213	4	315	4
230	2	022	1
196	4	436	0
157	1	114	3
430	0	360	1
472	2	453	4
167	0	032	1
184	1	295	1
486	1	169	1
209	0	256	1
178	3	310	2
245	3	440	4
256	4	046	1
314	3	007	2
187	2	409	2
480	3	368	2
354	0	143	1
295	3	234	2
325	4	391	3
469	1	197	2
263	2	189	3
420	2	095	1
463	3	227	1
131	0	418	3
076	3	176	3
427	1	142	1
412	0	000	3
199	3	390	3
156	2	194	4
435	1	409	4
046	2	131	2
183	2	022	4
494	4	174	0
330	2	295	0
361	3	043	1
209	0	479	4
316	3	176	3
145	1	436	1
413	4	311	4
161	2	181	1
149	0	107	0
328	1	295	3
093	4	470	3
207	0	241	1
357	3	249	4
119	2	358	0
271	4	299	3
117	4	129	1
430	0	010	2
469	4	076	2
107	2	286	2
163	4	028	4
344	2	445	2
145	0	306	3
142	0	452	2
122	3	006	1
499	1	299	3
315	1	229	4
240	4	272	4
099	0	119	2
474	2	443	4
012	2	154	4
284	4	174	1
473	2	483	0
435	1	459	1
413	2	341	4
243	4	032	1
103	4	385	1
009	4	113	1
307	3	032	4
036	4	201	4
452	2	465	3
018	2	260	2
083	2	311	2
016	1	023	1
329	0	411	2
181	4	165	0
386	3	495	2
167	2	097	3
195	1	119	2
090	4	173	0
423	4	140	3
202	2	146	1
310	3	447	1
376	1	004	2
012	0	111	4
465	0	146	1
403	1	464	4
005	4	104	4
005	0	462	1
389	2	393	2
093	2	382	0
133	3	319	0
414	0	269	2
142	2	318	3
427	1	366	3
076	2	387	4
498	2	037	2
098	2	268	2
219	3	324	1
365	3	042	1
065	4	164	0
424	2	409	4
198	4	002	4
243	0	152	1
092	3	496	3
428	4	185	0
078	3	430	2
244	0	475	3
276	1	400	2
145	0	358	3
386	1	161	4
412	0	186	0
173	4	043	2
304	1	364	2
027	4	299	1
058	4	410	0
259	1	095	1
221	3	089	0
453	2	010	2
314	4	185	0
115	3	354	1
424	0	024	2
488	3	169	2
199	4	177	3
226	2	275	4
408	0	420	0
247	0	293	1
078	3	435	0
203	1	417	2
204	0	233	3
442	3	320	4
109	0	365	4
371	4	337	3
109	2	103	1
144	1	233	0
489	1	200	2
310	3	454	4
193	2	303	0
431	0	160	3
476	2	215	0
282	0	016	3
041	3	205	1
295	3	488	0
286	0	309	3
311	2	3
012	3	4
219	1	4
052	1	2
328	1	0
107	3	4
251	4	1
260	1	0
126	1	4
198	3	4
286	3	1
250	3	2
087	2	3
359	0	2
036	3	0
472	2	3
385	2	4
369	2	0
456	0	3
394	0	2
314	0	1
266	1	2
033	1	3
313	3	0
423	0	2
391	1	3
146	2	3
456	0	2
074	3	2
182	2	0
230	3	4
463	2	1
383	4	0
458	2	4
446	2	4
020	0	4
254	0	1
348	2	4
459	2	0
059	0	3
417	3	0
462	3	1
257	4	2
354	3	4
427	1	2
375	3	1
099	1	2
290	1	4
386	3	0
349	1	3
206	2	1
183	3	4
089	4	0
050	0	4
039	1	3
156	2	0
340	1	0
347	4	0
155	4	1
211	1	3
101	2	4
019	4	0
490	1	0
043	0	1
306	3	1
133	3	0
288	4	3
076	2	1
195	1	3
348	2	1
289	3	0
093	2	0
003	0	3
038	4	1
289	3	2
211	2	3
434	4	1
032	0	4
089	1	2
211	1	2
278	4	2
264	4	3
318	4	0
416	4	2
497	0	2
442	4	1
444	2	4
311	1	3
045	1	0
211	4	3
289	0	1
050	4	2
378	1	4
327	2	4
454	0	1
172	1	4
310	3	0
076	0	4
177	2	0
110	3	4
380	2	1
405	4	0
344	2	4
160	4	0
164	1	2
096	3	4
207	1	2
457	1	3
461	1	0
370	4	2
041	0	1
159	4	3
334	3	4
029	3	2
224	0	1
048	1	4
331	1	2
464	1	2
295	1	0
416	3	4
264	0	2
065	4	3
170	2	0
230	1	4
147	2	0
172	1	3
119	2	4
474	2	3
090	2	3
188	0	3
100	0	4
091	3	2
171	2	1
439	0	3
094	1	4
063	2	0
426	1	2
431	4	2
439	0	2
339	2	3
032	3	4
170	4	2
180	2	4
252	4	1
165	4	3
290	0	3
494	3	2
449	0	2
313	4	0
286	1	2
034	3	1
414	1	3
342	0	3
202	3	4
383	4	2
485	0	3
143	3	2
356	4	1
418	1	3
284	0	3
029	4	1
322	0	2
201	2	1
221	4	1
320	0	4
063	4	3
178	2	4
223	2	3
444	0	3
040	2	4
133	4	2
253	4	2
300	1	0
458	4	0
335	2	4
272	4	3
381	4	2
465	4	2
378	2	4
042	0	2
467	3	1
175	2	3
234	4	1
272	2	1
083	1	0
135	3	1
412	2	3
227	4	0
127	2	1
135	4	3
302	0	4
387	2	0
092	4	2
387	1	0
439	2	4
457	4	0
461	3	1
352	4	0
326	4	1
487	1	3
110	3	341	3
389	1	332	4
033	0	331	1
065	2	285	4
352	1	095	0
105	0	179	0
470	1	171	2
369	3	143	0
243	3	167	4
107	2	431	2
084	3	158	3
047	4	311	4
195	1	180	1
104	2	131	3
211	1	405	2
103	2	293	2
345	1	162	3
134	3	069	3
233	3	263	3
363	3	459	3
401	3	241	4
218	3	359	2
151	1	363	1
101	0	065	3
268	4	378	3
052	0	301	0
058	1	003	1
236	2	079	3
322	4	027	3
227	4	057	3
430	1	089	1
326	1	080	1
469	4	313	3
439	0	115	4
240	2	404	3
366	4	458	3
047	1	096	3
111	0	128	2
251	3	353	0
155	3	358	1
280	2	372	4
153	3	391	1
150	1	327	1
153	1	423	1
242	1	007	0
323	4	364	2
175	2	186	4
242	3	341	3
365	0	456	1
295	4	289	4
184	3	387	0
027	0	147	0
086	2	420	3
439	4	280	3
198	0	363	1
422	2	125	3
090	2	038	3
234	4	106	1
410	3	010	3
167	0	295	2
334	2	176	4
090	4	499	2
080	2	405	0
095	1	467	2
149	4	287	1
471	3	286	4
116	0	077	2
132	4	029	1
349	4	431	0
282	0	299	0
026	2	108	4
184	1	332	3
202	3	348	3
421	1	375	2
005	4	342	1
145	2	126	3
499	4	179	2
441	3	455	3
421	1	468	0
389	3	061	4
275	1	044	4
241	0	176	4
230	3	334	3
193	1	479	4
120	2	449	3
172	1	331	2
038	2	185	0
384	4	287	3
328	0	013	1
126	4	312	2
202	0	453	4
116	4	484	2
116	4	268	2
228	2	261	1
336	1	037	2
314	3	100	0
269	0	025	0
446	3	047	3
251	4	216	2
018	2	267	3
099	4	422	1
242	4	359	2
211	1	431	2
273	0	397	2
218	1	284	2
214	4	140	2
195	1	234	1
398	2	462	1
240	0	301	2
126	4	341	4
420	0	468	3
023	0	385	1
242	0	302	4
184	4	410	0
366	1	147	4
324	4	011	0
294	4	066	3
461	2	302	2
001	0	128	3
325	3	154	2
473	1	185	0
124	2	000	4
240	0	459	3
491	2	019	3
266	4	326	1
108	4	453	4
273	2	392	2
336	3	319	0
086	1	415	2
219	3	309	4
163	2	154	4
083	2	031	1
424	1	397	2
474	0	499	0
384	1	023	4
343	0	047	0
008	2	132	1
494	3	110	2
274	4	310	0
253	0	346	1
016	2	321	4
416	3	320	2
251	0	344	4
053	2	186	2
251	3	481	3
068	4	482	4
478	1	055	0
253	4	310	0
238	1	364	2
330	4	265	1
400	3	385	3
004	1	445	2
038	3	203	2
278	0	449	3
041	1	322	3
090	0	073	0
316	3	431	1
473	2	356	3
289	0	453	0
034	3	190	4
090	2	362	0
398	2	060	0
457	2	172	3
054	0	237	3
342	2	292	3
054	1	229	2
000	1	139	2
175	1	094	4
117	4	223	2
209	0	120	4
350	1	443	0
338	3	234	0
284	3	057	0
225	2	215	3
366	4	312	2
350	1	497	1
072	3	044	4
313	4	073	4
220	2	408	3
290	0	257	3
413	1	348	3
404	1	338	3
104	3	128	3
426	3	398	4
429	3	354	0
158	1	062	3
308	2	228	0
336	4	499	0
218	0	124	1
384	1	057	0
104	0	069	1
125	1	381	1
151	3	352	3
251	4	360	1
492	0	196	3
184	4	055	2
442	3	368	1
039	2	333	0
082	1	451	0
133	4	410	0
292	4	1
031	4	0
219	1	2
195	3	0
468	1	3
450	1	4
212	1	4
493	0	4
207	0	1
111	0	2
479	1	0
365	2	4
135	4	1
416	0	1
129	2	0
140	3	2
301	4	0
187	2	4
283	1	0
147	2	1
431	0	2
145	1	3
039	1	0
236	3	4
417	1	2
153	4	1
282	2	1
178	2	0
150	3	2
182	1	3
006	4	0
009	2	4
436	4	1
235	3	1
164	1	0
498	4	1
372	1	3
240	3	1
173	4	0
405	2	3
287	2	4
356	2	0
261	0	2
384	1	4
115	1	2
319	4	1
247	2	3
304	3	0
261	4	2
240	4	0
242	4	2
284	1	2
232	2	3
442	3	0
265	0	3
421	1	2
309	0	3
309	1	3
392	3	4
385	2	3
324	4	2
427	0	3
316	2	0
178	4	1
244	0	2
257	0	2
226	3	1
362	4	0
067	3	0
194	0	4
046	2	0
155	3	2
478	3	0
033	2	3
465	0	2
101	3	2
336	1	2
009	0	1
119	3	0
423	0	4
405	3	0
164	1	3
342	0	1
120	1	3
008	2	4
054	0	2
033	0	3
140	4	2
220	2	0
367	3	1
124	2	1
270	2	4
499	4	3
341	4	2
298	4	1
287	1	3
266	1	4
030	3	1
181	1	3
109	0	3
046	2	1
330	4	2
173	1	2
235	4	0
447	0	1
138	3	2
072	3	4
453	1	4
406	4	3
346	0	1
421	1	4
259	0	3
013	2	0
455	2	3
372	3	0
337	4	2
467	0	1
060	1	3
340	2	0
303	0	1
335	2	0
499	4	2
080	4	3
267	4	3
111	0	3
275	4	3
245	1	0
213	4	3
112	1	4
465	4	1
012	1	4
152	1	2
125	0	3
141	3	0
132	3	0
409	3	2
304	0	2
095	2	4
097	1	3
120	1	4
089	4	1
045	2	0
360	3	2
046	3	1
135	1	2
023	0	4
054	3	0
466	2	0
043	4	0
389	2	0
074	3	1
118	3	4
433	1	0
106	4	0
122	0	2
293	4	2
484	4	1
285	2	3
196	2	3
014	0	4
086	2	1
212	3	4
373	3	1
318	1	0
274	0	4
091	3	0
333	3	0
470	3	4
474	3	1
045	1	3
180	4	1
066	1	3
058	3	1
021	2	0
147	3	4
444	3	2
198	0	3
456	2	1
177	0	1
330	4	1
251	0	2
430	3	1
090	4	0
221	3	4
053	2	3
010	1	4
255	0	3
022	2	3
319	0	3
497	4	1
001	0	2
386	3	2
142	4	3
041	1	4
451	3	2
245	1	4
323	3	0
374	4	0
495	1	2
141	4	1
078	2	032	1
317	0	055	2
384	0	143	0
201	4	053	1
474	1	448	0
231	4	395	3
449	0	130	3
269	1	265	1
102	1	447	3
413	0	086	0
255	2	083	3
271	4	441	2
133	3	206	4
132	3	160	3
051	0	481	4
329	0	111	3
400	3	287	4
493	0	062	2
087	4	352	0
463	3	101	4
434	2	392	2
330	0	165	0
456	0	229	2
306	4	000	2
271	3	336	0
339	1	146	0
173	2	139	3
461	4	150	4
120	1	341	3
481	0	089	2
043	4	496	3
475	1	169	2
155	2	285	3
070	0	117	0
108	4	055	4
053	4	043	2
297	2	436	0
457	4	345	2
499	4	179	0
193	1	045	0
284	0	483	4
336	1	150	0
328	0	337	3
018	4	056	3
202	3	063	4
200	1	453	4
484	2	222	0
308	4	479	0
472	0	355	0
046	2	440	4
414	2	293	3
182	2	030	4
338	3	309	1
344	3	011	1
037	0	451	2
085	3	166	1
379	1	009	2
177	0	148	1
429	3	276	2
058	0	356	3
399	1	334	3
302	1	031	2
314	3	143	2
293	4	311	3
132	4	321	3
004	1	113	2
263	2	062	2
035	3	134	3
411	0	077	3
242	0	453	4
479	1	171	4
101	3	442	2
354	3	356	0
412	3	406	3
251	4	421	0
099	0	302	2
463	0	146	4
158	2	468	1
365	2	459	4
179	1	032	4
109	0	032	1
376	2	109	3
403	1	255	0
325	3	108	2
179	4	497	3
492	0	351	4
336	0	346	3
237	4	130	4
190	2	302	2
430	3	333	0
421	1	405	0
347	3	400	4
156	2	003	4
317	0	407	0
270	3	174	1
175	2	233	3
365	2	392	4
076	3	351	3
041	4	130	0
493	0	147	3
335	2	158	4
449	4	310	4
456	2	013	1
230	1	174	0
153	3	222	0
328	1	215	2
103	3	134	4
105	2	333	0
167	0	005	0
209	1	036	3
260	1	491	0
425	0	483	3
305	4	042	4
090	1	073	0
386	0	236	0
244	2	135	2
315	1	119	0
414	0	432	1
035	1	465	1
324	0	089	2
394	4	207	4
237	3	343	4
482	2	320	3
140	4	113	0
276	4	180	3
048	4	465	2
389	2	174	1
315	4	116	3
082	1	249	1
235	3	435	2
282	0	025	4
247	2	412	3
416	3	139	3
116	0	333	4
376	4	287	4
344	0	096	3
218	2	151	4
345	3	364	3
473	4	297	1
256	4	318	3
081	3	295	0
365	2	447	1
304	0	140	2
439	3	313	1
170	3	115	4
289	3	497	1
294	1	197	2
221	3	155	2
001	0	432	1
319	3	141	1
133	3	103	0
116	4	025	4
223	3	312	3
122	3	062	2
321	1	030	1
032	3	356	4
304	2	192	0
485	0	169	0
366	1	063	3
427	0	379	2
461	3	043	1
101	3	333	2
424	2	374	2
016	2	440	0
175	0	258	3
379	4	257	3
321	3	462	3
470	1	014	2
068	3	419	2
396	1	180	1
067	2	030	1
299	2	297	2
040	1	102	2
250	3	415	1
339	0	301	0
498	3	369	4
282	0	423	2
339	2	005	3
470	0	126	3
359	1	378	3
492	0	276	4
281	0	019	0
208	1	067	1
296	2	031	2
230	3	487	0
041	3	481	3
446	2	150	2
052	3	088	2
066	1	081	2
039	3	082	4
316	1	359	0
178	3	144	2
336	1	064	0
030	0	333	1
498	2	045	3
336	1	024	3
411	0	369	1
116	4	053	3
464	3	031	1
385	3	181	3
446	2	1
104	0	2
346	2	1
445	0	3
473	2	0
344	2	0
091	4	0
255	2	1
099	4	1
231	4	0
220	1	0
150	0	2
403	2	0
383	3	0
144	4	0
258	2	0
133	3	2
017	1	4
036	1	0
365	2	0
484	2	4
114	1	2
043	3	2
035	0	4
250	1	0
104	0	4
077	0	2
148	2	1
123	0	3
137	2	3
389	2	3
014	0	3
223	1	3
066	2	3
041	4	2
273	4	1
030	3	4
247	2	4
024	4	0
006	4	2
253	1	2
117	0	1
176	1	2
291	1	0
188	0	1
435	1	2
225	2	1
142	2	3
230	3	1
238	2	1
052	4	2
489	3	0
277	0	3
251	4	0
199	3	1
302	3	2
359	4	3
011	0	1
400	3	0
392	1	0
080	0	3
346	4	2
201	4	1
264	4	1
336	4	2
243	2	1
170	4	3
403	1	3
011	2	1
297	0	2
496	1	0
061	0	4
427	0	2
139	2	0
388	4	2
301	1	2
151	0	2
369	3	0
478	1	4
306	4	3
418	4	3
282	0	4
056	2	3
074	4	3
016	3	0
497	2	3
422	2	0
371	4	2
077	1	0
058	4	3
126	4	2
459	2	3
041	3	4
227	2	1
370	0	3
415	4	2
294	2	4
026	2	3
023	2	3
073	3	1
076	3	4
390	1	4
143	3	0
455	3	4
265	2	3
180	0	3
375	2	4
019	1	3
140	1	2
037	3	4
261	4	1
066	2	0
434	2	0
356	0	1
048	1	0
367	2	1
409	0	4
136	1	2
131	2	3
093	3	1
318	4	2
443	3	0
231	4	2
038	3	4
448	3	1
461	4	2
025	1	2
415	0	1
171	2	3
102	1	2
071	1	4
301	3	0
224	4	3
255	4	3
233	1	4
119	3	2
318	1	3
205	3	4
447	3	1
110	4	2
137	2	1
359	1	3
139	2	3
421	1	3
108	2	0
254	0	3
300	4	0
378	0	1
039	2	3
302	3	1
207	1	3
095	1	0
485	1	0
354	3	0
289	0	4
029	4	0
447	0	3
352	2	3
268	4	2
034	2	3
465	0	4
434	3	4
006	3	2
425	3	1
305	2	3
178	4	0
215	2	0
214	2	4
488	2	4
356	0	3
373	2	1
189	1	0
333	4	2
251	3	2
023	4	3
120	0	1
250	3	0
487	0	3
280	2	0
292	3	1
151	1	3
467	0	2
256	1	0
243	3	1
107	4	1
222	0	1
233	4	0
313	4	3
398	0	3
042	3	2
266	4	3
342	1	3
307	2	3
080	2	1
267	1	3
013	4	0
382	4	1
277	1	0
491	4	0
219	1	0
498	3	496	3
172	0	348	0
486	1	110	0
357	0	245	0
155	3	487	0
422	2	043	3
010	0	497	1
059	0	419	0
091	0	278	3
094	2	177	0
202	0	408	3
306	4	436	0
079	2	372	2
108	4	164	2
264	1	131	3
152	1	285	3
041	3	134	2
183	3	333	2
220	0	079	3
240	0	280	4
001	0	041	2
426	4	479	0
161	2	107	4
092	3	337	3
018	3	131	1
106	4	189	2
145	0	181	2
342	2	261	1
344	2	296	0
412	0	141	1
448	3	334	1
496	0	141	2
264	4	472	3
365	3	191	1
138	1	385	0
244	3	090	4
427	1	325	1
157	1	369	4
005	2	161	3
094	3	432	1
322	2	007	1
451	4	077	0
475	4	104	2
380	3	081	1
220	2	374	0
256	4	395	1
116	2	119	4
396	2	140	2
210	2	365	1
027	0	077	2
005	2	000	2
201	0	360	0
001	0	404	0
052	1	120	2
401	1	348	4
492	1	425	1
491	3	180	2
244	0	135	1
251	3	103	1
182	2	422	1
084	1	145	3
086	2	061	4
170	2	374	1
144	3	266	0
450	1	131	3
412	4	100	0
126	4	107	0
017	1	454	1
425	2	310	0
466	3	104	4
247	0	005	4
052	3	236	4
202	0	055	3
347	0	397	2
260	2	276	3
209	4	048	0
371	0	080	1
298	3	077	0
040	0	140	4
201	0	121	0
201	2	111	3
274	0	229	1
189	3	409	4
068	3	061	4
495	3	482	4
243	3	104	2
361	3	033	4
008	4	023	2
345	3	173	0
137	2	263	1
352	1	277	1
132	4	298	4
491	1	128	3
403	3	263	3
213	1	422	0
231	2	175	4
251	0	289	2
430	3	320	3
025	2	393	2
283	3	072	2
183	3	045	3
057	4	392	4
231	3	207	2
012	2	250	0
464	4	287	3
370	4	166	3
352	4	421	4
299	0	421	0
191	3	126	2
194	1	355	2
481	4	348	3
243	4	166	3
367	2	028	0
243	4	184	2
492	1	046	0
051	1	444	4
295	4	028	1
129	3	106	3
078	0	127	1
471	3	166	1
179	4	355	4
072	3	246	3
030	0	341	2
241	0	046	1
329	3	369	1
365	2	331	0
083	2	396	1
441	1	297	4
238	1	130	0
198	0	455	4
077	4	465	4
022	2	140	4
396	2	021	3
079	2	292	4
078	4	143	2
470	0	102	0
243	4	052	2
324	4	364	3
175	4	153	0
306	4	197	0
461	4	043	2
212	1	462	1
071	0	459	3
469	4	281	1
028	1	063	3
296	4	096	3
345	4	480	0
103	2	368	3
083	1	119	4
326	4	181	4
219	3	482	3
212	3	126	2
464	3	303	0
418	2	165	1
492	0	294	3
349	4	363	1
464	1	104	2
264	1	031	3
190	1	464	2
062	4	223	0
459	3	364	2
144	3	019	4
067	2	159	2
343	1	406	3
126	2	407	0
427	1	134	2
255	0	174	1
437	3	253	3
492	0	160	3
489	3	333	2
197	0	287	3
076	2	042	1
154	1	269	1
494	1	000	4
155	3	389	4
438	1	397	0
397	4	063	4
004	1	115	1
236	1	113	1
209	1	240	3
463	2	083	3
178	2	138	1
245	1	440	3
354	4	050	2
004	1	270	2
350	2	168	4
126	1	164	4
401	3	265	0
257	0	181	1
465	1	444	4
457	1	348	4
011	4	152	4
038	1	120	4
093	3	043	2
299	4	334	4
133	3	161	4
048	4	374	3
250	3	292	3
043	4	148	0
308	0	122	1
168	0	4
245	3	1
079	2	4
129	4	3
338	3	2
230	3	0
398	2	3
082	1	2
325	1	4
371	3	2
350	4	3
425	1	4
383	1	2
008	1	0
005	2	3
216	4	3
168	1	3
420	0	3
466	3	4
048	2	0
236	1	0
467	3	4
314	4	0
036	3	2
200	1	2
179	3	0
250	4	0
087	1	3
237	4	2
199	4	2
165	0	1
369	0	4
496	0	2
257	1	3
349	1	0
039	2	4
001	1	3
158	1	4
287	0	3
182	4	1
347	1	0
438	3	0
093	4	3
359	4	2
366	4	0
484	0	1
072	0	1
175	0	1
009	0	4
204	2	4
103	0	1
241	3	4
249	3	4
061	2	1
130	1	3
205	4	0
380	1	4
279	2	3
081	0	4
432	4	1
062	4	1
415	1	2
320	0	1
271	4	0
207	2	4
257	0	4
095	4	0
403	1	0
423	2	3
223	1	4
063	0	3
017	3	2
062	3	2
232	3	1
288	2	1
101	1	0
106	4	3
438	2	0
366	1	3
402	0	3
123	3	2
177	0	3
305	4	2
273	4	3
204	3	1
244	3	1
314	3	4
422	2	1
303	3	0
179	1	0
073	3	0
427	1	4
060	2	0
211	2	0
109	2	1
308	0	4
316	3	4
399	0	2
002	3	1
363	1	4
130	2	4
428	1	2
451	3	1
268	3	1
169	2	4
391	2	3
337	4	3
292	0	4
192	4	0
477	1	3
475	1	4
336	3	2
482	1	2
403	3	2
120	3	2
064	2	3
203	3	2
061	2	4
355	0	4
064	4	0
147	1	3
409	1	0
463	4	1
083	4	1
354	4	2
337	0	3
308	4	2
118	0	4
495	3	4
116	1	3
354	4	1
182	0	4
078	2	0
018	3	4
008	4	1
394	3	2
037	2	4
101	0	3
287	0	2
483	2	3
293	0	2
054	4	2
255	1	4
068	4	2
063	0	1
096	2	3
377	0	1
103	2	1
018	1	2
474	0	4
245	2	3
183	1	0
166	0	2
212	2	0
108	0	3
476	2	1
044	4	1
252	0	1
252	2	3
350	2	3
390	1	0
253	1	3
210	2	3
242	1	4
422	3	4
346	2	0
209	0	4
298	0	1
413	4	0
054	3	2
234	4	0
355	1	4
161	3	4
080	0	2
102	0	2
407	2	1
381	2	0
289	3	1
411	0	2
376	2	1
229	2	1
201	0	2
356	4	3
393	4	0
095	1	4
215	4	2
352	4	3
327	0	1
277	4	1
197	0	4
003	2	1
047	1	2
454	1	4
218	0	4
183	3	0
329	0	1
025	1	3
282	3	1
343	3	1
462	2	1
168	3	320	4
349	1	186	0
446	2	168	4
057	1	312	4
294	4	166	3
273	4	288	2
446	2	092	2
309	2	113	1
493	3	124	4
170	4	325	2
028	3	289	2
209	0	444	4
183	3	298	1
210	0	086	0
394	4	402	4
038	3	154	2
202	3	263	3
463	2	237	2
030	4	448	2
427	1	087	4
469	4	254	0
197	3	130	2
413	1	138	4
426	3	305	0
093	2	191	1
032	3	019	2
264	0	097	3
046	3	239	3
323	2	300	4
122	0	131	2
105	1	034	1
163	1	479	4
112	0	029	2
099	4	162	3
243	2	338	1
446	3	194	2
036	2	194	4
224	1	303	1
111	1	319	0
459	2	453	2
278	1	341	3
390	1	057	4
336	4	020	0
240	0	044	0
362	3	275	4
188	3	371	2
404	1	224	0
289	0	421	0
316	1	481	3
151	1	037	2
126	4	215	3
426	3	482	3
345	1	310	2
201	1	284	2
003	3	045	3
109	0	001	2
054	1	417	4
130	2	374	2
182	2	135	3
390	1	490	1
302	3	378	1
126	0	110	2
270	3	056	3
322	3	277	3
082	1	150	4
435	4	032	2
270	2	364	4
295	2	309	3
144	3	137	3
262	2	270	1
273	0	268	0
414	2	006	2
294	2	370	0
386	3	441	0
202	2	398	3
261	3	311	4
366	1	484	4
273	4	186	1
427	2	194	2
145	0	114	4
142	4	201	1
201	0	289	4
371	0	481	2
233	2	050	2
004	3	472	4
475	1	200	4
435	4	169	0
162	0	291	2
109	4	480	0
473	3	310	2
414	4	072	2
081	0	252	3
030	3	113	1
196	1	055	2
200	1	320	3
132	2	063	4
414	2	180	2
351	4	139	3
228	1	451	2
179	2	096	4
377	4	454	3
290	1	194	4
376	2	004	3
090	1	067	1
413	2	024	2
401	1	351	1
293	0	234	2
219	3	054	4
413	2	241	1
116	0	333	1
353	2	065	3
238	1	141	0
243	4	046	1
395	4	203	3
152	4	483	0
380	1	242	2
435	1	194	2
049	3	140	3
170	3	419	4
028	1	309	3
401	1	217	1
276	1	284	1
087	1	477	2
218	2	388	3
375	2	239	0
173	1	249	1
121	0	147	4
099	1	452	3
131	4	106	1
277	1	389	3
261	0	297	1
425	1	444	4
098	4	448	2
335	2	154	4
386	0	293	3
308	3	079	4
266	1	003	2
390	0	464	0
360	3	061	2
414	1	249	2
207	4	389	0
124	2	069	4
187	4	072	2
074	4	419	1
159	4	310	2
193	0	030	2
004	0	049	0
326	1	063	3
168	0	095	0
426	1	483	1
132	4	297	2
418	4	049	4
105	1	463	1
359	3	340	3
256	1	276	3
460	1	490	0
184	4	452	2
359	1	014	3
018	4	387	4
236	1	080	0
156	1	071	3
317	0	189	3
356	0	392	4
207	4	432	1
424	4	186	2
111	3	129	0
317	3	141	0
115	1	249	4
093	3	363	4
161	2	431	1
401	1	193	0
491	3	070	3
370	0	372	0
018	3	140	3
403	3	230	2
206	3	287	1
049	0	364	2
011	3	130	0
372	2	496	3
183	0	136	0
097	1	261	0
116	2	322	1
221	4	194	2
274	0	047	4
001	1	265	1
150	1	047	0
036	1	275	3
351	4	381	0
094	0	391	3
450	2	033	4
470	0	226	0
460	1	352	0
098	0	463	1
365	0	397	3
282	0	106	3
094	2	299	2
175	1	113	1
339	1	200	0
262	0	483	1
466	4	495	4
